Dear Azat Vekilov,
Here is your: 1 000 UPC Code Order
I left you 5 star Feedback, 
Please leave me 5 star Feedback or Review,
I will send you more 500 UPC Code FREE,
Thank you very much and have a nice day!


If you use the codes to list your product on AMAZON, Please read this guide clearly,
Please type the "Brand Name" and "Producer/Manufacturer" the same value, and use your own "Brand Name", 
- Do not use the certified or famous brands, that is the copyright issue, 
- Do not use the common words (home, love, pen, nice..), Amazon will not approve those words. 
If you would like to use the certified brand, use the code that are printed on the box of your product. 
Thank you!


325021810002
325021810019
325021810026
325021810033
325021810040
325021810057
325021810064
325021810071
325021810088
325021810095
325021810101
325021810118
325021810125
325021810132
325021810149
325021810156
325021810163
325021810170
325021810187
325021810194
325021810200
325021810217
325021810224
325021810231
325021810248
325021810255
325021810262
325021810279
325021810286
325021810293
325021810309
325021810316
325021810323
325021810330
325021810347
325021810354
325021810361
325021810378
325021810385
325021810392
325021810408
325021810415
325021810422
325021810439
325021810446
325021810453
325021810460
325021810477
325021810484
325021810491
325021810507
325021810514
325021810521
325021810538
325021810545
325021810552
325021810569
325021810576
325021810583
325021810590
325021810606
325021810613
325021810620
325021810637
325021810644
325021810651
325021810668
325021810675
325021810682
325021810699
325021810705
325021810712
325021810729
325021810736
325021810743
325021810750
325021810767
325021810774
325021810781
325021810798
325021810804
325021810811
325021810828
325021810835
325021810842
325021810859
325021810866
325021810873
325021810880
325021810897
325021810903
325021810910
325021810927
325021810934
325021810941
325021810958
325021810965
325021810972
325021810989
325021810996
325021811009
325021811016
325021811023
325021811030
325021811047
325021811054
325021811061
325021811078
325021811085
325021811092
325021811108
325021811115
325021811122
325021811139
325021811146
325021811153
325021811160
325021811177
325021811184
325021811191
325021811207
325021811214
325021811221
325021811238
325021811245
325021811252
325021811269
325021811276
325021811283
325021811290
325021811306
325021811313
325021811320
325021811337
325021811344
325021811351
325021811368
325021811375
325021811382
325021811399
325021811405
325021811412
325021811429
325021811436
325021811443
325021811450
325021811467
325021811474
325021811481
325021811498
325021811504
325021811511
325021811528
325021811535
325021811542
325021811559
325021811566
325021811573
325021811580
325021811597
325021811603
325021811610
325021811627
325021811634
325021811641
325021811658
325021811665
325021811672
325021811689
325021811696
325021811702
325021811719
325021811726
325021811733
325021811740
325021811757
325021811764
325021811771
325021811788
325021811795
325021811801
325021811818
325021811825
325021811832
325021811849
325021811856
325021811863
325021811870
325021811887
325021811894
325021811900
325021811917
325021811924
325021811931
325021811948
325021811955
325021811962
325021811979
325021811986
325021811993
325021812006
325021812013
325021812020
325021812037
325021812044
325021812051
325021812068
325021812075
325021812082
325021812099
325021812105
325021812112
325021812129
325021812136
325021812143
325021812150
325021812167
325021812174
325021812181
325021812198
325021812204
325021812211
325021812228
325021812235
325021812242
325021812259
325021812266
325021812273
325021812280
325021812297
325021812303
325021812310
325021812327
325021812334
325021812341
325021812358
325021812365
325021812372
325021812389
325021812396
325021812402
325021812419
325021812426
325021812433
325021812440
325021812457
325021812464
325021812471
325021812488
325021812495
325021812501
325021812518
325021812525
325021812532
325021812549
325021812556
325021812563
325021812570
325021812587
325021812594
325021812600
325021812617
325021812624
325021812631
325021812648
325021812655
325021812662
325021812679
325021812686
325021812693
325021812709
325021812716
325021812723
325021812730
325021812747
325021812754
325021812761
325021812778
325021812785
325021812792
325021812808
325021812815
325021812822
325021812839
325021812846
325021812853
325021812860
325021812877
325021812884
325021812891
325021812907
325021812914
325021812921
325021812938
325021812945
325021812952
325021812969
325021812976
325021812983
325021812990
325021813003
325021813010
325021813027
325021813034
325021813041
325021813058
325021813065
325021813072
325021813089
325021813096
325021813102
325021813119
325021813126
325021813133
325021813140
325021813157
325021813164
325021813171
325021813188
325021813195
325021813201
325021813218
325021813225
325021813232
325021813249
325021813256
325021813263
325021813270
325021813287
325021813294
325021813300
325021813317
325021813324
325021813331
325021813348
325021813355
325021813362
325021813379
325021813386
325021813393
325021813409
325021813416
325021813423
325021813430
325021813447
325021813454
325021813461
325021813478
325021813485
325021813492
325021813508
325021813515
325021813522
325021813539
325021813546
325021813553
325021813560
325021813577
325021813584
325021813591
325021813607
325021813614
325021813621
325021813638
325021813645
325021813652
325021813669
325021813676
325021813683
325021813690
325021813706
325021813713
325021813720
325021813737
325021813744
325021813751
325021813768
325021813775
325021813782
325021813799
325021813805
325021813812
325021813829
325021813836
325021813843
325021813850
325021813867
325021813874
325021813881
325021813898
325021813904
325021813911
325021813928
325021813935
325021813942
325021813959
325021813966
325021813973
325021813980
325021813997
325021814000
325021814017
325021814024
325021814031
325021814048
325021814055
325021814062
325021814079
325021814086
325021814093
325021814109
325021814116
325021814123
325021814130
325021814147
325021814154
325021814161
325021814178
325021814185
325021814192
325021814208
325021814215
325021814222
325021814239
325021814246
325021814253
325021814260
325021814277
325021814284
325021814291
325021814307
325021814314
325021814321
325021814338
325021814345
325021814352
325021814369
325021814376
325021814383
325021814390
325021814406
325021814413
325021814420
325021814437
325021814444
325021814451
325021814468
325021814475
325021814482
325021814499
325021814505
325021814512
325021814529
325021814536
325021814543
325021814550
325021814567
325021814574
325021814581
325021814598
325021814604
325021814611
325021814628
325021814635
325021814642
325021814659
325021814666
325021814673
325021814680
325021814697
325021814703
325021814710
325021814727
325021814734
325021814741
325021814758
325021814765
325021814772
325021814789
325021814796
325021814802
325021814819
325021814826
325021814833
325021814840
325021814857
325021814864
325021814871
325021814888
325021814895
325021814901
325021814918
325021814925
325021814932
325021814949
325021814956
325021814963
325021814970
325021814987
325021814994
325021815007
325021815014
325021815021
325021815038
325021815045
325021815052
325021815069
325021815076
325021815083
325021815090
325021815106
325021815113
325021815120
325021815137
325021815144
325021815151
325021815168
325021815175
325021815182
325021815199
325021815205
325021815212
325021815229
325021815236
325021815243
325021815250
325021815267
325021815274
325021815281
325021815298
325021815304
325021815311
325021815328
325021815335
325021815342
325021815359
325021815366
325021815373
325021815380
325021815397
325021815403
325021815410
325021815427
325021815434
325021815441
325021815458
325021815465
325021815472
325021815489
325021815496
325021815502
325021815519
325021815526
325021815533
325021815540
325021815557
325021815564
325021815571
325021815588
325021815595
325021815601
325021815618
325021815625
325021815632
325021815649
325021815656
325021815663
325021815670
325021815687
325021815694
325021815700
325021815717
325021815724
325021815731
325021815748
325021815755
325021815762
325021815779
325021815786
325021815793
325021815809
325021815816
325021815823
325021815830
325021815847
325021815854
325021815861
325021815878
325021815885
325021815892
325021815908
325021815915
325021815922
325021815939
325021815946
325021815953
325021815960
325021815977
325021815984
325021815991
325021816004
325021816011
325021816028
325021816035
325021816042
325021816059
325021816066
325021816073
325021816080
325021816097
325021816103
325021816110
325021816127
325021816134
325021816141
325021816158
325021816165
325021816172
325021816189
325021816196
325021816202
325021816219
325021816226
325021816233
325021816240
325021816257
325021816264
325021816271
325021816288
325021816295
325021816301
325021816318
325021816325
325021816332
325021816349
325021816356
325021816363
325021816370
325021816387
325021816394
325021816400
325021816417
325021816424
325021816431
325021816448
325021816455
325021816462
325021816479
325021816486
325021816493
325021816509
325021816516
325021816523
325021816530
325021816547
325021816554
325021816561
325021816578
325021816585
325021816592
325021816608
325021816615
325021816622
325021816639
325021816646
325021816653
325021816660
325021816677
325021816684
325021816691
325021816707
325021816714
325021816721
325021816738
325021816745
325021816752
325021816769
325021816776
325021816783
325021816790
325021816806
325021816813
325021816820
325021816837
325021816844
325021816851
325021816868
325021816875
325021816882
325021816899
325021816905
325021816912
325021816929
325021816936
325021816943
325021816950
325021816967
325021816974
325021816981
325021816998
325021817001
325021817018
325021817025
325021817032
325021817049
325021817056
325021817063
325021817070
325021817087
325021817094
325021817100
325021817117
325021817124
325021817131
325021817148
325021817155
325021817162
325021817179
325021817186
325021817193
325021817209
325021817216
325021817223
325021817230
325021817247
325021817254
325021817261
325021817278
325021817285
325021817292
325021817308
325021817315
325021817322
325021817339
325021817346
325021817353
325021817360
325021817377
325021817384
325021817391
325021817407
325021817414
325021817421
325021817438
325021817445
325021817452
325021817469
325021817476
325021817483
325021817490
325021817506
325021817513
325021817520
325021817537
325021817544
325021817551
325021817568
325021817575
325021817582
325021817599
325021817605
325021817612
325021817629
325021817636
325021817643
325021817650
325021817667
325021817674
325021817681
325021817698
325021817704
325021817711
325021817728
325021817735
325021817742
325021817759
325021817766
325021817773
325021817780
325021817797
325021817803
325021817810
325021817827
325021817834
325021817841
325021817858
325021817865
325021817872
325021817889
325021817896
325021817902
325021817919
325021817926
325021817933
325021817940
325021817957
325021817964
325021817971
325021817988
325021817995
325021818008
325021818015
325021818022
325021818039
325021818046
325021818053
325021818060
325021818077
325021818084
325021818091
325021818107
325021818114
325021818121
325021818138
325021818145
325021818152
325021818169
325021818176
325021818183
325021818190
325021818206
325021818213
325021818220
325021818237
325021818244
325021818251
325021818268
325021818275
325021818282
325021818299
325021818305
325021818312
325021818329
325021818336
325021818343
325021818350
325021818367
325021818374
325021818381
325021818398
325021818404
325021818411
325021818428
325021818435
325021818442
325021818459
325021818466
325021818473
325021818480
325021818497
325021818503
325021818510
325021818527
325021818534
325021818541
325021818558
325021818565
325021818572
325021818589
325021818596
325021818602
325021818619
325021818626
325021818633
325021818640
325021818657
325021818664
325021818671
325021818688
325021818695
325021818701
325021818718
325021818725
325021818732
325021818749
325021818756
325021818763
325021818770
325021818787
325021818794
325021818800
325021818817
325021818824
325021818831
325021818848
325021818855
325021818862
325021818879
325021818886
325021818893
325021818909
325021818916
325021818923
325021818930
325021818947
325021818954
325021818961
325021818978
325021818985
325021818992
325021819005
325021819012
325021819029
325021819036
325021819043
325021819050
325021819067
325021819074
325021819081
325021819098
325021819104
325021819111
325021819128
325021819135
325021819142
325021819159
325021819166
325021819173
325021819180
325021819197
325021819203
325021819210
325021819227
325021819234
325021819241
325021819258
325021819265
325021819272
325021819289
325021819296
325021819302
325021819319
325021819326
325021819333
325021819340
325021819357
325021819364
325021819371
325021819388
325021819395
325021819401
325021819418
325021819425
325021819432
325021819449
325021819456
325021819463
325021819470
325021819487
325021819494
325021819500
325021819517
325021819524
325021819531
325021819548
325021819555
325021819562
325021819579
325021819586
325021819593
325021819609
325021819616
325021819623
325021819630
325021819647
325021819654
325021819661
325021819678
325021819685
325021819692
325021819708
325021819715
325021819722
325021819739
325021819746
325021819753
325021819760
325021819777
325021819784
325021819791
325021819807
325021819814
325021819821
325021819838
325021819845
325021819852
325021819869
325021819876
325021819883
325021819890
325021819906
325021819913
325021819920
325021819937
325021819944
325021819951
325021819968
325021819975
325021819982

500 FREE

325021495001
325021495018
325021495025
325021495032
325021495049
325021495056
325021495063
325021495070
325021495087
325021495094
325021495100
325021495117
325021495124
325021495131
325021495148
325021495155
325021495162
325021495179
325021495186
325021495193
325021495209
325021495216
325021495223
325021495230
325021495247
325021495254
325021495261
325021495278
325021495285
325021495292
325021495308
325021495315
325021495322
325021495339
325021495346
325021495353
325021495360
325021495377
325021495384
325021495391
325021495407
325021495414
325021495421
325021495438
325021495445
325021495452
325021495469
325021495476
325021495483
325021495490
325021495506
325021495513
325021495520
325021495537
325021495544
325021495551
325021495568
325021495575
325021495582
325021495599
325021495605
325021495612
325021495629
325021495636
325021495643
325021495650
325021495667
325021495674
325021495681
325021495698
325021495704
325021495711
325021495728
325021495735
325021495742
325021495759
325021495766
325021495773
325021495780
325021495797
325021495803
325021495810
325021495827
325021495834
325021495841
325021495858
325021495865
325021495872
325021495889
325021495896
325021495902
325021495919
325021495926
325021495933
325021495940
325021495957
325021495964
325021495971
325021495988
325021495995
325021496008
325021496015
325021496022
325021496039
325021496046
325021496053
325021496060
325021496077
325021496084
325021496091
325021496107
325021496114
325021496121
325021496138
325021496145
325021496152
325021496169
325021496176
325021496183
325021496190
325021496206
325021496213
325021496220
325021496237
325021496244
325021496251
325021496268
325021496275
325021496282
325021496299
325021496305
325021496312
325021496329
325021496336
325021496343
325021496350
325021496367
325021496374
325021496381
325021496398
325021496404
325021496411
325021496428
325021496435
325021496442
325021496459
325021496466
325021496473
325021496480
325021496497
325021496503
325021496510
325021496527
325021496534
325021496541
325021496558
325021496565
325021496572
325021496589
325021496596
325021496602
325021496619
325021496626
325021496633
325021496640
325021496657
325021496664
325021496671
325021496688
325021496695
325021496701
325021496718
325021496725
325021496732
325021496749
325021496756
325021496763
325021496770
325021496787
325021496794
325021496800
325021496817
325021496824
325021496831
325021496848
325021496855
325021496862
325021496879
325021496886
325021496893
325021496909
325021496916
325021496923
325021496930
325021496947
325021496954
325021496961
325021496978
325021496985
325021496992
325021497005
325021497012
325021497029
325021497036
325021497043
325021497050
325021497067
325021497074
325021497081
325021497098
325021497104
325021497111
325021497128
325021497135
325021497142
325021497159
325021497166
325021497173
325021497180
325021497197
325021497203
325021497210
325021497227
325021497234
325021497241
325021497258
325021497265
325021497272
325021497289
325021497296
325021497302
325021497319
325021497326
325021497333
325021497340
325021497357
325021497364
325021497371
325021497388
325021497395
325021497401
325021497418
325021497425
325021497432
325021497449
325021497456
325021497463
325021497470
325021497487
325021497494
325021497500
325021497517
325021497524
325021497531
325021497548
325021497555
325021497562
325021497579
325021497586
325021497593
325021497609
325021497616
325021497623
325021497630
325021497647
325021497654
325021497661
325021497678
325021497685
325021497692
325021497708
325021497715
325021497722
325021497739
325021497746
325021497753
325021497760
325021497777
325021497784
325021497791
325021497807
325021497814
325021497821
325021497838
325021497845
325021497852
325021497869
325021497876
325021497883
325021497890
325021497906
325021497913
325021497920
325021497937
325021497944
325021497951
325021497968
325021497975
325021497982
325021497999
325021498002
325021498019
325021498026
325021498033
325021498040
325021498057
325021498064
325021498071
325021498088
325021498095
325021498101
325021498118
325021498125
325021498132
325021498149
325021498156
325021498163
325021498170
325021498187
325021498194
325021498200
325021498217
325021498224
325021498231
325021498248
325021498255
325021498262
325021498279
325021498286
325021498293
325021498309
325021498316
325021498323
325021498330
325021498347
325021498354
325021498361
325021498378
325021498385
325021498392
325021498408
325021498415
325021498422
325021498439
325021498446
325021498453
325021498460
325021498477
325021498484
325021498491
325021498507
325021498514
325021498521
325021498538
325021498545
325021498552
325021498569
325021498576
325021498583
325021498590
325021498606
325021498613
325021498620
325021498637
325021498644
325021498651
325021498668
325021498675
325021498682
325021498699
325021498705
325021498712
325021498729
325021498736
325021498743
325021498750
325021498767
325021498774
325021498781
325021498798
325021498804
325021498811
325021498828
325021498835
325021498842
325021498859
325021498866
325021498873
325021498880
325021498897
325021498903
325021498910
325021498927
325021498934
325021498941
325021498958
325021498965
325021498972
325021498989
325021498996
325021499009
325021499016
325021499023
325021499030
325021499047
325021499054
325021499061
325021499078
325021499085
325021499092
325021499108
325021499115
325021499122
325021499139
325021499146
325021499153
325021499160
325021499177
325021499184
325021499191
325021499207
325021499214
325021499221
325021499238
325021499245
325021499252
325021499269
325021499276
325021499283
325021499290
325021499306
325021499313
325021499320
325021499337
325021499344
325021499351
325021499368
325021499375
325021499382
325021499399
325021499405
325021499412
325021499429
325021499436
325021499443
325021499450
325021499467
325021499474
325021499481
325021499498
325021499504
325021499511
325021499528
325021499535
325021499542
325021499559
325021499566
325021499573
325021499580
325021499597
325021499603
325021499610
325021499627
325021499634
325021499641
325021499658
325021499665
325021499672
325021499689
325021499696
325021499702
325021499719
325021499726
325021499733
325021499740
325021499757
325021499764
325021499771
325021499788
325021499795
325021499801
325021499818
325021499825
325021499832
325021499849
325021499856
325021499863
325021499870
325021499887
325021499894
325021499900
325021499917
325021499924
325021499931
325021499948
325021499955
325021499962
325021499979
325021499986
325021499993
325021819999
